,0,1,2,3
0,0.0470085470085,0.474358974359,0.388888888889,0.0897435897436
1,0.00378787878788,0.00378787878788,0.950757575758,0.0416666666667
2,0.00409836065574,0.987704918033,0.00409836065574,0.00409836065574
3,0.00328947368421,0.990131578947,0.00328947368421,0.00328947368421
4,0.0054347826087,0.983695652174,0.0054347826087,0.0054347826087
5,0.0302197802198,0.964285714286,0.00274725274725,0.00274725274725
6,0.00299401197605,0.00299401197605,0.961077844311,0.0329341317365
7,0.00202429149798,0.0222672064777,0.973684210526,0.00202429149798
8,0.955782312925,0.00340136054422,0.00340136054422,0.0374149659864
9,0.332335329341,0.00299401197605,0.00299401197605,0.661676646707
10,0.00340136054422,0.00340136054422,0.207482993197,0.785714285714
11,0.00340136054422,0.00340136054422,0.173469387755,0.819727891156
12,0.110108303249,0.0198555956679,0.00180505415162,0.868231046931
13,0.106271777003,0.33275261324,0.437282229965,0.123693379791
14,0.415975103734,0.28112033195,0.270746887967,0.0321576763485
15,0.438492063492,0.00198412698413,0.537698412698,0.0218253968254
16,0.00138121546961,0.664364640884,0.00138121546961,0.332872928177
17,0.141456582633,0.841736694678,0.00140056022409,0.015406162465
18,0.00119904076739,0.97242206235,0.0251798561151,0.00119904076739
19,0.0036496350365,0.0036496350365,0.989051094891,0.0036496350365
20,0.814720812183,0.00253807106599,0.180203045685,0.00253807106599
21,0.170814479638,0.091628959276,0.64592760181,0.091628959276
22,0.95987654321,0.00308641975309,0.033950617284,0.00308641975309
23,0.870567375887,0.00177304964539,0.125886524823,0.00177304964539
24,0.0866477272727,0.143465909091,0.257102272727,0.512784090909
25,0.106770833333,0.00260416666667,0.158854166667,0.731770833333
26,0.860587002096,0.0744234800839,0.00104821802935,0.0639412997904
27,0.544585987261,0.0031847133758,0.0987261146497,0.353503184713
28,0.990131578947,0.00328947368421,0.00328947368421,0.00328947368421
29,0.962209302326,0.031976744186,0.00290697674419,0.00290697674419
30,0.831983805668,0.0627530364372,0.103238866397,0.00202429149798
31,0.597472924188,0.00180505415162,0.182310469314,0.218411552347
32,0.926751592357,0.0031847133758,0.0031847133758,0.0668789808917
33,0.394230769231,0.00961538461538,0.00961538461538,0.586538461538
34,0.00299401197605,0.332335329341,0.661676646707,0.00299401197605
35,0.00806451612903,0.00806451612903,0.25,0.733870967742
36,0.971153846154,0.00961538461538,0.00961538461538,0.00961538461538
37,0.991279069767,0.00290697674419,0.00290697674419,0.00290697674419
38,0.985981308411,0.00467289719626,0.00467289719626,0.00467289719626
39,0.00340136054422,0.41156462585,0.581632653061,0.00340136054422
40,0.00378787878788,0.00378787878788,0.988636363636,0.00378787878788
41,0.00274725274725,0.991758241758,0.00274725274725,0.00274725274725
42,0.0036496350365,0.989051094891,0.0036496350365,0.0036496350365
43,0.0580524344569,0.938202247191,0.00187265917603,0.00187265917603
44,0.00299401197605,0.991017964072,0.00299401197605,0.00299401197605
45,0.0031847133758,0.289808917197,0.703821656051,0.0031847133758
46,0.00247524752475,0.00247524752475,0.992574257426,0.00247524752475
47,0.989436619718,0.00352112676056,0.00352112676056,0.00352112676056
48,0.408045977011,0.00574712643678,0.00574712643678,0.580459770115
49,0.00171232876712,0.00171232876712,0.275684931507,0.720890410959
50,0.0024154589372,0.0024154589372,0.316425120773,0.678743961353
51,0.00215517241379,0.217672413793,0.00215517241379,0.778017241379
52,0.207191780822,0.275684931507,0.46404109589,0.0530821917808
53,0.352459016393,0.0245901639344,0.621779859485,0.00117096018735
54,0.15990990991,0.813063063063,0.0247747747748,0.00225225225225
55,0.00210970464135,0.993670886076,0.00210970464135,0.00210970464135
56,0.0767326732673,0.918316831683,0.00247524752475,0.00247524752475
57,0.0042735042735,0.987179487179,0.0042735042735,0.0042735042735
58,0.399204244032,0.412466843501,0.18700265252,0.00132625994695
59,0.285211267606,0.109154929577,0.566901408451,0.0387323943662
60,0.37573964497,0.20808678501,0.415187376726,0.000986193293886
61,0.779336734694,0.0522959183673,0.00127551020408,0.167091836735
62,0.647350993377,0.100993377483,0.00165562913907,0.25
63,0.992385786802,0.00253807106599,0.00253807106599,0.00253807106599
64,0.990131578947,0.00328947368421,0.00328947368421,0.00328947368421
65,0.00877192982456,0.00877192982456,0.0964912280702,0.885964912281
66,0.0024154589372,0.702898550725,0.292270531401,0.0024154589372
67,0.00609756097561,0.00609756097561,0.00609756097561,0.981707317073
68,0.0185185185185,0.203703703704,0.203703703704,0.574074074074
69,0.991279069767,0.00290697674419,0.00290697674419,0.00290697674419
70,0.986607142857,0.00446428571429,0.00446428571429,0.00446428571429
71,0.968085106383,0.0106382978723,0.0106382978723,0.0106382978723
72,0.944444444444,0.0185185185185,0.0185185185185,0.0185185185185
73,0.596534653465,0.00247524752475,0.398514851485,0.00247524752475
74,0.573795180723,0.0617469879518,0.28765060241,0.0768072289157
75,0.0031847133758,0.257961783439,0.735668789809,0.0031847133758
76,0.00328947368421,0.5625,0.430921052632,0.00328947368421
77,0.0031847133758,0.990445859873,0.0031847133758,0.0031847133758
78,0.0054347826087,0.983695652174,0.0054347826087,0.0054347826087
79,0.00202429149798,0.993927125506,0.00202429149798,0.00202429149798
80,0.00378787878788,0.988636363636,0.00378787878788,0.00378787878788
81,0.0546875,0.00260416666667,0.940104166667,0.00260416666667
82,0.00247524752475,0.00247524752475,0.992574257426,0.00247524752475
83,0.952554744526,0.0036496350365,0.0401459854015,0.0036496350365
84,0.285046728972,0.0981308411215,0.00467289719626,0.61214953271
85,0.185661764706,0.00183823529412,0.40625,0.40625
86,0.177042801556,0.079766536965,0.00194552529183,0.741245136187
87,0.0042735042735,0.217948717949,0.0042735042735,0.773504273504
88,0.185661764706,0.424632352941,0.332720588235,0.0569852941176
89,0.76267281106,0.00230414746544,0.232718894009,0.00230414746544
90,0.0813492063492,0.696428571429,0.220238095238,0.00198412698413
91,0.0042735042735,0.987179487179,0.0042735042735,0.0042735042735
92,0.158854166667,0.7578125,0.00260416666667,0.0807291666667
93,0.00308641975309,0.157407407407,0.836419753086,0.00308641975309
94,0.179846938776,0.0267857142857,0.779336734694,0.0140306122449
95,0.71626984127,0.00198412698413,0.279761904762,0.00198412698413
96,0.571782178218,0.225247524752,0.00247524752475,0.200495049505
97,0.796875,0.00142045454545,0.143465909091,0.0582386363636
98,0.938502673797,0.0561497326203,0.00267379679144,0.00267379679144
99,0.989051094891,0.0036496350365,0.0036496350365,0.0036496350365
100,0.00877192982456,0.00877192982456,0.00877192982456,0.973684210526
101,0.00290697674419,0.584302325581,0.380813953488,0.031976744186
102,0.00649350649351,0.00649350649351,0.00649350649351,0.980519480519
103,0.875,0.0416666666667,0.0416666666667,0.0416666666667
104,0.991279069767,0.00290697674419,0.00290697674419,0.00290697674419
105,0.985981308411,0.00467289719626,0.00467289719626,0.00467289719626
106,0.964285714286,0.0119047619048,0.0119047619048,0.0119047619048
107,0.944444444444,0.0185185185185,0.0185185185185,0.0185185185185
108,0.637055837563,0.00253807106599,0.154822335025,0.205583756345
109,0.780660377358,0.214622641509,0.00235849056604,0.00235849056604
110,0.0042735042735,0.303418803419,0.688034188034,0.0042735042735
111,0.00609756097561,0.00609756097561,0.981707317073,0.00609756097561
112,0.00467289719626,0.985981308411,0.00467289719626,0.00467289719626
113,0.0031847133758,0.990445859873,0.0031847133758,0.0031847133758
114,0.00282485875706,0.991525423729,0.00282485875706,0.00282485875706
115,0.00340136054422,0.989795918367,0.00340136054422,0.00340136054422
116,0.00378787878788,0.00378787878788,0.988636363636,0.00378787878788
117,0.00247524752475,0.00247524752475,0.992574257426,0.00247524752475
118,0.799242424242,0.0795454545455,0.117424242424,0.00378787878788
119,0.231060606061,0.00378787878788,0.155303030303,0.609848484848
120,0.255760368664,0.0253456221198,0.117511520737,0.601382488479
121,0.00328947368421,0.00328947368421,0.101973684211,0.891447368421
122,0.225247524752,0.274752475248,0.00247524752475,0.497524752475
123,0.0209923664122,0.402671755725,0.345419847328,0.230916030534
124,0.505934718101,0.224035608309,0.268545994065,0.00148367952522
125,0.374113475177,0.00177304964539,0.622340425532,0.00177304964539
126,0.233443708609,0.763245033113,0.00165562913907,0.00165562913907
127,0.167218543046,0.829470198675,0.00165562913907,0.00165562913907
128,0.133040935673,0.820175438596,0.00146198830409,0.0453216374269
129,0.00515463917526,0.726804123711,0.262886597938,0.00515463917526
130,0.170814479638,0.204751131222,0.623303167421,0.00113122171946
131,0.985981308411,0.00467289719626,0.00467289719626,0.00467289719626
132,0.440839694656,0.00190839694656,0.230916030534,0.326335877863
133,0.805177111717,0.00136239782016,0.0422343324251,0.151226158038
134,0.753731343284,0.00746268656716,0.231343283582,0.00746268656716
135,0.99427480916,0.00190839694656,0.00190839694656,0.00190839694656
136,0.510152284264,0.00253807106599,0.00253807106599,0.484771573604
137,0.987704918033,0.00409836065574,0.00409836065574,0.00409836065574
138,0.989436619718,0.00352112676056,0.00352112676056,0.00352112676056
139,0.964285714286,0.0119047619048,0.0119047619048,0.0119047619048
140,0.911764705882,0.0294117647059,0.0294117647059,0.0294117647059
141,0.931818181818,0.0227272727273,0.0227272727273,0.0227272727273
142,0.964285714286,0.0119047619048,0.0119047619048,0.0119047619048
143,0.936274509804,0.0539215686275,0.00490196078431,0.00490196078431
144,0.964285714286,0.0119047619048,0.0119047619048,0.0119047619048
145,0.911764705882,0.0294117647059,0.0294117647059,0.0294117647059
146,0.931818181818,0.0227272727273,0.0227272727273,0.0227272727273
147,0.962209302326,0.00290697674419,0.031976744186,0.00290697674419
148,0.0036496350365,0.478102189781,0.0036496350365,0.514598540146
149,0.993670886076,0.00210970464135,0.00210970464135,0.00210970464135
150,0.993534482759,0.00215517241379,0.00215517241379,0.00215517241379
151,0.989051094891,0.0036496350365,0.0036496350365,0.0036496350365
152,0.00877192982456,0.00877192982456,0.00877192982456,0.973684210526
153,0.00282485875706,0.539548022599,0.454802259887,0.00282485875706
154,0.00649350649351,0.00649350649351,0.00649350649351,0.980519480519
155,0.944444444444,0.0185185185185,0.0185185185185,0.0185185185185
156,0.993801652893,0.00206611570248,0.00206611570248,0.00206611570248
157,0.985981308411,0.00467289719626,0.00467289719626,0.00467289719626
158,0.72520661157,0.00206611570248,0.270661157025,0.00206611570248
159,0.00490196078431,0.642156862745,0.348039215686,0.00490196078431
160,0.0042735042735,0.0470085470085,0.944444444444,0.0042735042735
161,0.00340136054422,0.921768707483,0.0714285714286,0.00340136054422
162,0.0416666666667,0.912878787879,0.00378787878788,0.0416666666667
163,0.00328947368421,0.990131578947,0.00328947368421,0.00328947368421
164,0.00282485875706,0.991525423729,0.00282485875706,0.00282485875706
165,0.00274725274725,0.332417582418,0.662087912088,0.00274725274725
166,0.00308641975309,0.00308641975309,0.990740740741,0.00308641975309
167,0.988188976378,0.00393700787402,0.00393700787402,0.00393700787402
168,0.0567010309278,0.00515463917526,0.0567010309278,0.881443298969
169,0.403301886792,0.00235849056604,0.00235849056604,0.591981132075
170,0.00282485875706,0.00282485875706,0.00282485875706,0.991525423729
171,0.163594470046,0.0714285714286,0.00230414746544,0.76267281106
172,0.0222672064777,0.366396761134,0.609311740891,0.00202429149798
173,0.44495412844,0.322629969419,0.230886850153,0.00152905198777
174,0.067880794702,0.796357615894,0.100993377483,0.0347682119205
175,0.00127551020408,0.639030612245,0.345663265306,0.0140306122449
176,0.00247524752475,0.992574257426,0.00247524752475,0.00247524752475
177,0.285310734463,0.0310734463277,0.680790960452,0.00282485875706
178,0.362144420131,0.0995623632385,0.537199124726,0.00109409190372
179,0.916243654822,0.0279187817259,0.0532994923858,0.00253807106599
180,0.583904109589,0.00171232876712,0.00171232876712,0.412671232877
181,0.993243243243,0.00225225225225,0.00225225225225,0.00225225225225
182,0.990445859873,0.0031847133758,0.0031847133758,0.0031847133758
183,0.00877192982456,0.00877192982456,0.00877192982456,0.973684210526
184,0.00290697674419,0.351744186047,0.642441860465,0.00290697674419
185,0.00574712643678,0.00574712643678,0.00574712643678,0.98275862069
186,0.770833333333,0.0763888888889,0.145833333333,0.00694444444444
187,0.993801652893,0.00206611570248,0.00206611570248,0.00206611570248
188,0.986607142857,0.00446428571429,0.00446428571429,0.00446428571429
189,0.00299401197605,0.601796407186,0.392215568862,0.00299401197605
190,0.0036496350365,0.0036496350365,0.989051094891,0.0036496350365
191,0.00299401197605,0.991017964072,0.00299401197605,0.00299401197605
192,0.00378787878788,0.988636363636,0.00378787878788,0.00378787878788
193,0.00308641975309,0.990740740741,0.00308641975309,0.00308641975309
194,0.00274725274725,0.991758241758,0.00274725274725,0.00274725274725
195,0.00328947368421,0.299342105263,0.694078947368,0.00328947368421
196,0.00202429149798,0.00202429149798,0.993927125506,0.00202429149798
197,0.989436619718,0.00352112676056,0.00352112676056,0.00352112676056
198,0.00649350649351,0.00649350649351,0.00649350649351,0.980519480519
199,0.00378787878788,0.231060606061,0.00378787878788,0.761363636364
200,0.0748792270531,0.0507246376812,0.0024154589372,0.871980676329
201,0.275510204082,0.00340136054422,0.0374149659864,0.683673469388
202,0.00220264317181,0.332599118943,0.662995594714,0.00220264317181
203,0.443217665615,0.34858044164,0.206624605678,0.00157728706625
204,0.320921985816,0.515957446809,0.108156028369,0.0549645390071
205,0.123853211009,0.38379204893,0.00152905198777,0.490825688073
206,0.25,0.743827160494,0.00308641975309,0.00308641975309
207,0.00152905198777,0.918960244648,0.00152905198777,0.0779816513761
208,0.200495049505,0.794554455446,0.00247524752475,0.00247524752475
209,0.207482993197,0.105442176871,0.683673469388,0.00340136054422
210,0.096214511041,0.143533123028,0.758675078864,0.00157728706625
211,0.985981308411,0.00467289719626,0.00467289719626,0.00467289719626
212,0.5625,0.0690789473684,0.299342105263,0.0690789473684
213,0.993392070485,0.00220264317181,0.00220264317181,0.00220264317181
214,0.990131578947,0.00328947368421,0.00328947368421,0.00328947368421
215,0.00877192982456,0.00877192982456,0.00877192982456,0.973684210526
216,0.00290697674419,0.322674418605,0.671511627907,0.00290697674419
217,0.00609756097561,0.00609756097561,0.00609756097561,0.981707317073
218,0.271929824561,0.00877192982456,0.00877192982456,0.710526315789
219,0.993801652893,0.00206611570248,0.00206611570248,0.00206611570248
220,0.985981308411,0.00467289719626,0.00467289719626,0.00467289719626
221,0.0036496350365,0.660583941606,0.332116788321,0.0036496350365
222,0.00467289719626,0.0981308411215,0.845794392523,0.0514018691589
223,0.00393700787402,0.948818897638,0.00393700787402,0.0433070866142
224,0.00220264317181,0.993392070485,0.00220264317181,0.00220264317181
225,0.00352112676056,0.989436619718,0.00352112676056,0.00352112676056
226,0.00328947368421,0.990131578947,0.00328947368421,0.00328947368421
227,0.00299401197605,0.362275449102,0.631736526946,0.00299401197605
228,0.0443037974684,0.0232067510549,0.930379746835,0.00210970464135
229,0.988636363636,0.00378787878788,0.00378787878788,0.00378787878788
230,0.25,0.00490196078431,0.00490196078431,0.740196078431
231,0.14010989011,0.00274725274725,0.00274725274725,0.854395604396
232,0.00467289719626,0.0981308411215,0.191588785047,0.705607476636
233,0.219135802469,0.25,0.00308641975309,0.527777777778
234,0.0393258426966,0.395131086142,0.563670411985,0.00187265917603
235,0.383248730964,0.00253807106599,0.611675126904,0.00253807106599
236,0.425081433225,0.522801302932,0.0504885993485,0.00162866449511
237,0.00124378109453,0.996268656716,0.00124378109453,0.00124378109453
238,0.0472972972973,0.948198198198,0.00225225225225,0.00225225225225
239,0.308962264151,0.639150943396,0.0495283018868,0.00235849056604
240,0.104060913706,0.205583756345,0.687817258883,0.00253807106599
241,0.154434250765,0.00152905198777,0.84250764526,0.00152905198777
242,0.921992481203,0.0573308270677,0.0197368421053,0.00093984962406
243,0.919014084507,0.00352112676056,0.0739436619718,0.00352112676056
244,0.989436619718,0.00352112676056,0.00352112676056,0.00352112676056
245,0.00877192982456,0.00877192982456,0.00877192982456,0.973684210526
246,0.00299401197605,0.392215568862,0.601796407186,0.00299401197605
247,0.00877192982456,0.00877192982456,0.00877192982456,0.973684210526
248,0.493055555556,0.00694444444444,0.493055555556,0.00694444444444
249,0.973140495868,0.00206611570248,0.0227272727273,0.00206611570248
250,0.985981308411,0.00467289719626,0.00467289719626,0.00467289719626
251,0.102941176471,0.00490196078431,0.102941176471,0.789215686275
252,0.00352112676056,0.707746478873,0.285211267606,0.00352112676056
253,0.0031847133758,0.512738853503,0.480891719745,0.0031847133758
254,0.00490196078431,0.985294117647,0.00490196078431,0.00490196078431
255,0.00328947368421,0.957236842105,0.00328947368421,0.0361842105263
256,0.0036496350365,0.989051094891,0.0036496350365,0.0036496350365
257,0.00299401197605,0.991017964072,0.00299401197605,0.00299401197605
258,0.00393700787402,0.122047244094,0.870078740157,0.00393700787402
259,0.00267379679144,0.00267379679144,0.991978609626,0.00267379679144
260,0.988636363636,0.00378787878788,0.00378787878788,0.00378787878788
261,0.423611111111,0.00694444444444,0.00694444444444,0.5625
262,0.00308641975309,0.00308641975309,0.743827160494,0.25
263,0.00340136054422,0.00340136054422,0.00340136054422,0.989795918367
264,0.25,0.0648148148148,0.188271604938,0.496913580247
265,0.11581920904,0.370056497175,0.511299435028,0.00282485875706
266,0.370738636364,0.00142045454545,0.626420454545,0.00142045454545
267,0.0714285714286,0.925087108014,0.00174216027875,0.00174216027875
268,0.0513245033113,0.796357615894,0.00165562913907,0.150662251656
269,0.00190839694656,0.937022900763,0.0591603053435,0.00190839694656
270,0.00340136054422,0.921768707483,0.00340136054422,0.0714285714286
271,0.174568965517,0.648706896552,0.109913793103,0.0668103448276
272,0.382575757576,0.00378787878788,0.609848484848,0.00378787878788
273,0.0136815920398,0.175373134328,0.809701492537,0.00124378109453
274,0.29132231405,0.188016528926,0.518595041322,0.00206611570248
275,0.860859728507,0.0576923076923,0.0803167420814,0.00113122171946
276,0.979166666667,0.00694444444444,0.00694444444444,0.00694444444444
277,0.807116104869,0.00187265917603,0.0393258426966,0.151685393258
278,0.921768707483,0.00340136054422,0.0714285714286,0.00340136054422
279,0.271929824561,0.00877192982456,0.00877192982456,0.710526315789
280,0.00274725274725,0.414835164835,0.57967032967,0.00274725274725
281,0.00649350649351,0.00649350649351,0.00649350649351,0.980519480519
282,0.701388888889,0.284722222222,0.00694444444444,0.00694444444444
283,0.993801652893,0.00206611570248,0.00206611570248,0.00206611570248
284,0.939252336449,0.00467289719626,0.0514018691589,0.00467289719626
285,0.989051094891,0.0036496350365,0.0036496350365,0.0036496350365
286,0.555299539171,0.00230414746544,0.255760368664,0.1866359447
287,0.740196078431,0.00490196078431,0.25,0.00490196078431
288,0.0036496350365,0.295620437956,0.697080291971,0.0036496350365
289,0.00225225225225,0.317567567568,0.677927927928,0.00225225225225
290,0.00352112676056,0.989436619718,0.00352112676056,0.00352112676056
291,0.00260416666667,0.9921875,0.00260416666667,0.00260416666667
292,0.0036496350365,0.989051094891,0.0036496350365,0.0036496350365
293,0.00267379679144,0.991978609626,0.00267379679144,0.00267379679144
294,0.00352112676056,0.00352112676056,0.989436619718,0.00352112676056
295,0.00274725274725,0.00274725274725,0.991758241758,0.00274725274725
296,0.988636363636,0.00378787878788,0.00378787878788,0.00378787878788
297,0.572164948454,0.00515463917526,0.00515463917526,0.417525773196
298,0.0539215686275,0.299019607843,0.446078431373,0.200980392157
299,0.00409836065574,0.0450819672131,0.0450819672131,0.905737704918
300,0.388888888889,0.0042735042735,0.0470085470085,0.559829059829
301,0.00148367952522,0.580118694362,0.416913946588,0.00148367952522
302,0.513157894737,0.264619883041,0.220760233918,0.00146198830409
303,0.361301369863,0.00171232876712,0.618150684932,0.0188356164384
304,0.167452830189,0.591981132075,0.00235849056604,0.23820754717
305,0.0259433962264,0.969339622642,0.00235849056604,0.00235849056604
306,0.00155279503106,0.995341614907,0.00155279503106,0.00155279503106
307,0.00253807106599,0.789340101523,0.205583756345,0.00253807106599
308,0.00282485875706,0.680790960452,0.285310734463,0.0310734463277
309,0.276371308017,0.23417721519,0.445147679325,0.0443037974684
310,0.0858585858586,0.607744107744,0.304713804714,0.0016835016835
311,0.264534883721,0.00290697674419,0.729651162791,0.00290697674419
312,0.13436123348,0.00220264317181,0.839207048458,0.0242290748899
313,0.988188976378,0.00393700787402,0.00393700787402,0.00393700787402
314,0.967821782178,0.0272277227723,0.00247524752475,0.00247524752475
315,0.535194174757,0.171116504854,0.00121359223301,0.292475728155
316,0.985981308411,0.00467289719626,0.00467289719626,0.00467289719626
317,0.571782178218,0.25,0.15099009901,0.0272277227723
318,0.986607142857,0.00446428571429,0.00446428571429,0.00446428571429
319,0.9140625,0.00260416666667,0.0807291666667,0.00260416666667
320,0.558355437666,0.293103448276,0.00132625994695,0.147214854111
321,0.969339622642,0.00235849056604,0.0259433962264,0.00235849056604
322,0.891447368421,0.00328947368421,0.101973684211,0.00328947368421
323,0.941964285714,0.00446428571429,0.00446428571429,0.0491071428571
324,0.991525423729,0.00282485875706,0.00282485875706,0.00282485875706
325,0.989436619718,0.00352112676056,0.00352112676056,0.00352112676056
326,0.00877192982456,0.00877192982456,0.00877192982456,0.973684210526
327,0.00198412698413,0.517857142857,0.478174603175,0.00198412698413
328,0.00806451612903,0.00806451612903,0.00806451612903,0.975806451613
329,0.380597014925,0.00746268656716,0.00746268656716,0.60447761194
330,0.9921875,0.00260416666667,0.00260416666667,0.00260416666667
331,0.985981308411,0.00467289719626,0.00467289719626,0.00467289719626
332,0.00299401197605,0.721556886228,0.182634730539,0.0928143712575
333,0.00378787878788,0.117424242424,0.875,0.00378787878788
334,0.00282485875706,0.906779661017,0.0310734463277,0.0593220338983
335,0.00328947368421,0.990131578947,0.00328947368421,0.00328947368421
336,0.00393700787402,0.988188976378,0.00393700787402,0.00393700787402
337,0.0036496350365,0.989051094891,0.0036496350365,0.0036496350365
338,0.0042735042735,0.0042735042735,0.901709401709,0.0897435897436
339,0.0265700483092,0.0024154589372,0.968599033816,0.0024154589372
340,0.952554744526,0.0036496350365,0.0401459854015,0.0036496350365
341,0.655844155844,0.00649350649351,0.00649350649351,0.331168831169
342,0.6015625,0.00260416666667,0.00260416666667,0.393229166667
343,0.00290697674419,0.00290697674419,0.00290697674419,0.991279069767
344,0.00299401197605,0.0329341317365,0.00299401197605,0.961077844311
345,0.00165562913907,0.498344370861,0.498344370861,0.00165562913907
346,0.280487804878,0.00174216027875,0.663763066202,0.0540069686411
347,0.473063973064,0.304713804714,0.0690235690236,0.153198653199
348,0.00274725274725,0.881868131868,0.0302197802198,0.0851648351648
349,0.0379061371841,0.886281588448,0.0740072202166,0.00180505415162
350,0.170886075949,0.824894514768,0.00210970464135,0.00210970464135
351,0.16847826087,0.0054347826087,0.820652173913,0.0054347826087
352,0.0548686244204,0.108964451314,0.835394126739,0.000772797527048
353,0.652397260274,0.00171232876712,0.207191780822,0.138698630137
354,0.989436619718,0.00352112676056,0.00352112676056,0.00352112676056
355,0.921768707483,0.00340136054422,0.0714285714286,0.00340136054422
356,0.93579766537,0.00194552529183,0.0408560311284,0.0214007782101
357,0.993801652893,0.00206611570248,0.00206611570248,0.00206611570248
358,0.990445859873,0.0031847133758,0.0031847133758,0.0031847133758
359,0.00877192982456,0.00877192982456,0.00877192982456,0.973684210526
360,0.00206611570248,0.167355371901,0.828512396694,0.00206611570248
361,0.00806451612903,0.00806451612903,0.00806451612903,0.975806451613
362,0.328125,0.484375,0.015625,0.171875
363,0.966145833333,0.0286458333333,0.00260416666667,0.00260416666667
364,0.985981308411,0.00467289719626,0.00467289719626,0.00467289719626
365,0.870078740157,0.00393700787402,0.00393700787402,0.122047244094
366,0.00490196078431,0.00490196078431,0.985294117647,0.00490196078431
367,0.00299401197605,0.332335329341,0.661676646707,0.00299401197605
368,0.0031847133758,0.990445859873,0.0031847133758,0.0031847133758
369,0.00490196078431,0.936274509804,0.0539215686275,0.00490196078431
370,0.00409836065574,0.987704918033,0.00409836065574,0.00409836065574
371,0.00352112676056,0.989436619718,0.00352112676056,0.00352112676056
372,0.00290697674419,0.00290697674419,0.991279069767,0.00290697674419
373,0.00202429149798,0.00202429149798,0.993927125506,0.00202429149798
374,0.00467289719626,0.00467289719626,0.985981308411,0.00467289719626
375,0.989051094891,0.0036496350365,0.0036496350365,0.0036496350365
376,0.863057324841,0.0031847133758,0.0031847133758,0.130573248408
377,0.0042735042735,0.132478632479,0.132478632479,0.730769230769
378,0.220238095238,0.00198412698413,0.00198412698413,0.775793650794
379,0.00282485875706,0.341807909605,0.00282485875706,0.652542372881
380,0.00160256410256,0.578525641026,0.418269230769,0.00160256410256
381,0.372901678657,0.241007194245,0.348920863309,0.037170263789
382,0.00210970464135,0.888185654008,0.00210970464135,0.107594936709
383,0.00198412698413,0.934523809524,0.00198412698413,0.0615079365079
384,0.00130890052356,0.996073298429,0.00130890052356,0.00130890052356
385,0.00467289719626,0.845794392523,0.00467289719626,0.144859813084
386,0.00378787878788,0.268939393939,0.685606060606,0.0416666666667
387,0.0522959183673,0.320153061224,0.600765306122,0.0267857142857
388,0.386217948718,0.322115384615,0.00160256410256,0.290064102564
389,0.928879310345,0.00215517241379,0.00215517241379,0.0668103448276
390,0.990740740741,0.00308641975309,0.00308641975309,0.00308641975309
391,0.991279069767,0.00290697674419,0.00290697674419,0.00290697674419
392,0.359649122807,0.00877192982456,0.00877192982456,0.622807017544
393,0.00225225225225,0.497747747748,0.497747747748,0.00225225225225
394,0.00694444444444,0.00694444444444,0.00694444444444,0.979166666667
395,0.447368421053,0.535087719298,0.00877192982456,0.00877192982456
396,0.9921875,0.00260416666667,0.00260416666667,0.00260416666667
397,0.988188976378,0.00393700787402,0.00393700787402,0.00393700787402
398,0.00282485875706,0.511299435028,0.483050847458,0.00282485875706
399,0.00308641975309,0.527777777778,0.466049382716,0.00308641975309
400,0.00253807106599,0.992385786802,0.00253807106599,0.00253807106599
401,0.0024154589372,0.992753623188,0.0024154589372,0.0024154589372
402,0.00467289719626,0.985981308411,0.00467289719626,0.00467289719626
403,0.00282485875706,0.991525423729,0.00282485875706,0.00282485875706
404,0.00274725274725,0.0302197802198,0.964285714286,0.00274725274725
405,0.00180505415162,0.00180505415162,0.994584837545,0.00180505415162
406,0.958598726115,0.0031847133758,0.0031847133758,0.0350318471338
407,0.743827160494,0.00308641975309,0.00308641975309,0.25
408,0.153017241379,0.0452586206897,0.0883620689655,0.713362068966
409,0.200787401575,0.00393700787402,0.00393700787402,0.791338582677
410,0.0561497326203,0.136363636364,0.00267379679144,0.804812834225
411,0.00138121546961,0.484806629834,0.49861878453,0.0151933701657
412,0.241987179487,0.00160256410256,0.754807692308,0.00160256410256
413,0.467391304348,0.00155279503106,0.52950310559,0.00155279503106
414,0.931818181818,0.0433884297521,0.0227272727273,0.00206611570248
415,0.0036496350365,0.989051094891,0.0036496350365,0.0036496350365
416,0.00253807106599,0.941624365482,0.00253807106599,0.0532994923858
417,0.0182119205298,0.912251655629,0.0347682119205,0.0347682119205
418,0.0374149659864,0.00340136054422,0.955782312925,0.00340136054422
419,0.0523613963039,0.103696098563,0.842915811088,0.00102669404517
420,0.985981308411,0.00467289719626,0.00467289719626,0.00467289719626
421,0.86974789916,0.00140056022409,0.0994397759104,0.0294117647059
422,0.858108108108,0.0923423423423,0.00225225225225,0.0472972972973
423,0.979166666667,0.00694444444444,0.00694444444444,0.00694444444444
424,0.988636363636,0.00378787878788,0.00378787878788,0.00378787878788
425,0.973684210526,0.00877192982456,0.00877192982456,0.00877192982456
426,0.911764705882,0.0294117647059,0.0294117647059,0.0294117647059
427,0.980519480519,0.00649350649351,0.00649350649351,0.00649350649351
428,0.985294117647,0.00490196078431,0.00490196078431,0.00490196078431
429,0.973684210526,0.00877192982456,0.00877192982456,0.00877192982456
430,0.911764705882,0.0294117647059,0.0294117647059,0.0294117647059
431,0.961077844311,0.0329341317365,0.00299401197605,0.00299401197605
432,0.549479166667,0.00260416666667,0.00260416666667,0.4453125
433,0.962540716612,0.0342019543974,0.00162866449511,0.00162866449511
434,0.985294117647,0.00490196078431,0.00490196078431,0.00490196078431
435,0.989436619718,0.00352112676056,0.00352112676056,0.00352112676056
436,0.00877192982456,0.00877192982456,0.00877192982456,0.973684210526
437,0.00187265917603,0.544943820225,0.451310861423,0.00187265917603
438,0.00352112676056,0.00352112676056,0.0387323943662,0.954225352113
439,0.328125,0.640625,0.015625,0.015625
440,0.993534482759,0.00215517241379,0.00215517241379,0.00215517241379
441,0.985981308411,0.00467289719626,0.00467289719626,0.00467289719626
442,0.971153846154,0.00961538461538,0.00961538461538,0.00961538461538
443,0.911764705882,0.0294117647059,0.0294117647059,0.0294117647059
444,0.310975609756,0.00609756097561,0.615853658537,0.0670731707317
445,0.00253807106599,0.383248730964,0.611675126904,0.00253807106599
446,0.00446428571429,0.00446428571429,0.941964285714,0.0491071428571
447,0.0036496350365,0.989051094891,0.0036496350365,0.0036496350365
448,0.00340136054422,0.921768707483,0.0714285714286,0.00340136054422
449,0.00235849056604,0.992924528302,0.00235849056604,0.00235849056604
450,0.00299401197605,0.991017964072,0.00299401197605,0.00299401197605
451,0.0374149659864,0.241496598639,0.71768707483,0.00340136054422
452,0.00138121546961,0.00138121546961,0.982044198895,0.0151933701657
453,0.950757575758,0.0416666666667,0.00378787878788,0.00378787878788
454,0.189024390244,0.00609756097561,0.00609756097561,0.798780487805
455,0.155303030303,0.00378787878788,0.00378787878788,0.837121212121
456,0.00490196078431,0.00490196078431,0.00490196078431,0.985294117647
457,0.531690140845,0.109154929577,0.00352112676056,0.355633802817
458,0.00132625994695,0.783819628647,0.213527851459,0.00132625994695
459,0.234472049689,0.00155279503106,0.762422360248,0.00155279503106
460,0.00274725274725,0.497252747253,0.497252747253,0.00274725274725
461,0.00328947368421,0.661184210526,0.00328947368421,0.332236842105
462,0.0209923664122,0.956106870229,0.0209923664122,0.00190839694656
463,0.00253807106599,0.992385786802,0.00253807106599,0.00253807106599
464,0.0054347826087,0.0054347826087,0.983695652174,0.0054347826087
465,0.131465517241,0.842672413793,0.0237068965517,0.00215517241379
466,0.00393700787402,0.988188976378,0.00393700787402,0.00393700787402
467,0.124229979466,0.00102669404517,0.801848049281,0.0728952772074
468,0.879562043796,0.0036496350365,0.113138686131,0.0036496350365
469,0.991525423729,0.00282485875706,0.00282485875706,0.00282485875706
470,0.985294117647,0.00490196078431,0.00490196078431,0.00490196078431
471,0.991017964072,0.00299401197605,0.00299401197605,0.00299401197605
472,0.00877192982456,0.00877192982456,0.00877192982456,0.973684210526
473,0.00187265917603,0.526217228464,0.470037453184,0.00187265917603
474,0.00877192982456,0.00877192982456,0.00877192982456,0.973684210526
475,0.755319148936,0.0106382978723,0.117021276596,0.117021276596
476,0.993534482759,0.00215517241379,0.00215517241379,0.00215517241379
477,0.988188976378,0.00393700787402,0.00393700787402,0.00393700787402
478,0.00328947368421,0.365131578947,0.628289473684,0.00328947368421
479,0.00308641975309,0.157407407407,0.836419753086,0.00308641975309
480,0.00378787878788,0.988636363636,0.00378787878788,0.00378787878788
481,0.00490196078431,0.985294117647,0.00490196078431,0.00490196078431
482,0.00515463917526,0.984536082474,0.00515463917526,0.00515463917526
483,0.00247524752475,0.992574257426,0.00247524752475,0.00247524752475
484,0.00393700787402,0.00393700787402,0.988188976378,0.00393700787402
485,0.00230414746544,0.00230414746544,0.993087557604,0.00230414746544
486,0.926751592357,0.0031847133758,0.0668789808917,0.0031847133758
487,0.807851239669,0.00206611570248,0.00206611570248,0.188016528926
488,0.35989010989,0.0302197802198,0.0851648351648,0.524725274725
489,0.0763888888889,0.00694444444444,0.145833333333,0.770833333333
490,0.00282485875706,0.00282485875706,0.00282485875706,0.991525423729
491,0.0768072289157,0.182228915663,0.739457831325,0.00150602409639
492,0.56914893617,0.232269503546,0.196808510638,0.00177304964539
493,0.00198412698413,0.696428571429,0.220238095238,0.0813492063492
494,0.00290697674419,0.991279069767,0.00290697674419,0.00290697674419
495,0.00490196078431,0.985294117647,0.00490196078431,0.00490196078431
496,0.00198412698413,0.894841269841,0.00198412698413,0.10119047619
497,0.200980392157,0.789215686275,0.00490196078431,0.00490196078431
498,0.157407407407,0.00308641975309,0.712962962963,0.126543209877
499,0.290760869565,0.0643115942029,0.64402173913,0.000905797101449
500,0.984412470024,0.00119904076739,0.00119904076739,0.0131894484412
501,0.670792079208,0.0767326732673,0.0272277227723,0.225247524752
502,0.954225352113,0.0387323943662,0.00352112676056,0.00352112676056
503,0.00877192982456,0.00877192982456,0.00877192982456,0.973684210526
504,0.00202429149798,0.751012145749,0.244939271255,0.00202429149798
505,0.16847826087,0.0054347826087,0.0054347826087,0.820652173913
506,0.953125,0.015625,0.015625,0.015625
507,0.993534482759,0.00215517241379,0.00215517241379,0.00215517241379
508,0.985981308411,0.00467289719626,0.00467289719626,0.00467289719626
509,0.971153846154,0.00961538461538,0.00961538461538,0.00961538461538
510,0.911764705882,0.0294117647059,0.0294117647059,0.0294117647059
511,0.791338582677,0.0826771653543,0.122047244094,0.00393700787402
512,0.00253807106599,0.510152284264,0.484771573604,0.00253807106599
513,0.00267379679144,0.0828877005348,0.885026737968,0.0294117647059
514,0.00467289719626,0.845794392523,0.0981308411215,0.0514018691589
515,0.00378787878788,0.875,0.0795454545455,0.0416666666667
516,0.00393700787402,0.988188976378,0.00393700787402,0.00393700787402
517,0.0387323943662,0.954225352113,0.00352112676056,0.00352112676056
518,0.00409836065574,0.0450819672131,0.946721311475,0.00409836065574
519,0.00235849056604,0.00235849056604,0.992924528302,0.00235849056604
520,0.948818897638,0.00393700787402,0.0433070866142,0.00393700787402
521,0.580459770115,0.00574712643678,0.00574712643678,0.408045977011
522,0.266447368421,0.299342105263,0.00328947368421,0.430921052632
523,0.00328947368421,0.00328947368421,0.233552631579,0.759868421053
524,0.0416666666667,0.0416666666667,0.00378787878788,0.912878787879
525,0.00160256410256,0.338141025641,0.658653846154,0.00160256410256
526,0.332487309645,0.00253807106599,0.662436548223,0.00253807106599
527,0.0218253968254,0.39880952381,0.39880952381,0.180555555556
528,0.00206611570248,0.952479338843,0.0433884297521,0.00206611570248
529,0.00378787878788,0.988636363636,0.00378787878788,0.00378787878788
530,0.00328947368421,0.924342105263,0.0690789473684,0.00328947368421
531,0.0923423423423,0.903153153153,0.00225225225225,0.00225225225225
532,0.00467289719626,0.00467289719626,0.985981308411,0.00467289719626
533,0.221064814815,0.00115740740741,0.77662037037,0.00115740740741
534,0.779538904899,0.0014409221902,0.0014409221902,0.21757925072
535,0.938040345821,0.0014409221902,0.0014409221902,0.0590778097983
536,0.852226720648,0.0222672064777,0.123481781377,0.00202429149798
537,0.965240641711,0.00267379679144,0.00267379679144,0.0294117647059
538,0.991758241758,0.00274725274725,0.00274725274725,0.00274725274725
539,0.00877192982456,0.00877192982456,0.00877192982456,0.973684210526
540,0.0024154589372,0.388888888889,0.606280193237,0.0024154589372
541,0.00961538461538,0.00961538461538,0.00961538461538,0.971153846154
542,0.590909090909,0.00649350649351,0.00649350649351,0.396103896104
543,0.993534482759,0.00215517241379,0.00215517241379,0.00215517241379
544,0.988188976378,0.00393700787402,0.00393700787402,0.00393700787402
545,0.973684210526,0.00877192982456,0.00877192982456,0.00877192982456
546,0.911764705882,0.0294117647059,0.0294117647059,0.0294117647059
547,0.808035714286,0.00446428571429,0.00446428571429,0.183035714286
548,0.0294117647059,0.0294117647059,0.0294117647059,0.911764705882
549,0.00694444444444,0.00694444444444,0.00694444444444,0.979166666667
550,0.332644628099,0.00206611570248,0.0640495867769,0.601239669421
551,0.00877192982456,0.00877192982456,0.00877192982456,0.973684210526
552,0.463133640553,0.00230414746544,0.00230414746544,0.532258064516
553,0.00340136054422,0.309523809524,0.683673469388,0.00340136054422
554,0.00328947368421,0.0690789473684,0.924342105263,0.00328947368421
555,0.00446428571429,0.986607142857,0.00446428571429,0.00446428571429
556,0.00446428571429,0.986607142857,0.00446428571429,0.00446428571429
557,0.00290697674419,0.991279069767,0.00290697674419,0.00290697674419
558,0.00235849056604,0.922169811321,0.0731132075472,0.00235849056604
559,0.00467289719626,0.144859813084,0.845794392523,0.00467289719626
560,0.00210970464135,0.00210970464135,0.993670886076,0.00210970464135
561,0.991017964072,0.00299401197605,0.00299401197605,0.00299401197605
562,0.631736526946,0.00299401197605,0.00299401197605,0.362275449102
563,0.332807570978,0.111987381703,0.00157728706625,0.553627760252
564,0.277173913043,0.0054347826087,0.0054347826087,0.711956521739
565,0.354625550661,0.00220264317181,0.00220264317181,0.640969162996
566,0.0302593659942,0.376080691643,0.520172910663,0.0734870317003
567,0.549657534247,0.0359589041096,0.412671232877,0.00171232876712
568,0.00267379679144,0.751336898396,0.00267379679144,0.243315508021
569,0.00162866449511,0.832247557003,0.00162866449511,0.164495114007
570,0.00171232876712,0.994863013699,0.00171232876712,0.00171232876712
571,0.00274725274725,0.991758241758,0.00274725274725,0.00274725274725
572,0.144366197183,0.848591549296,0.00352112676056,0.00352112676056
573,0.0597826086957,0.0054347826087,0.929347826087,0.0054347826087
574,0.00117096018735,0.00117096018735,0.996487119438,0.00117096018735
575,0.70424403183,0.00132625994695,0.200265251989,0.0941644562334
576,0.985294117647,0.00490196078431,0.00490196078431,0.00490196078431
577,0.944444444444,0.0507246376812,0.0024154589372,0.0024154589372
578,0.992385786802,0.00253807106599,0.00253807106599,0.00253807106599
579,0.989436619718,0.00352112676056,0.00352112676056,0.00352112676056
580,0.00877192982456,0.00877192982456,0.00877192982456,0.973684210526
581,0.00274725274725,0.497252747253,0.497252747253,0.00274725274725
582,0.517094017094,0.0042735042735,0.0042735042735,0.474358974359
583,0.711956521739,0.0054347826087,0.277173913043,0.0054347826087
